t random monotone_increasing monotone_decreasing peak step_up step_down
0.00 0.5188 0.0539 0.4284 0.2491 0.2085 0.4861
0.25 0.5287 0.0712 0.4261 0.2543 0.2087 0.4860
0.50 0.5381 0.0883 0.4237 0.2598 0.2093 0.4857
0.75 0.5469 0.1051 0.4212 0.2654 0.2103 0.4851
1.00 0.5552 0.1218 0.4186 0.2712 0.2117 0.4844
1.25 0.5629 0.1382 0.4160 0.2772 0.2135 0.4834
1.50 0.5701 0.1545 0.4132 0.2833 0.2156 0.4823
1.75 0.5767 0.1705 0.4103 0.2894 0.2181 0.4810
2.00 0.5827 0.1863 0.4074 0.2957 0.2209 0.4795
2.25 0.5882 0.2018 0.4045 0.3019 0.2240 0.4778
2.50 0.5932 0.2171 0.4014 0.3082 0.2275 0.4759
2.75 0.5976 0.2322 0.3983 0.3145 0.2312 0.4738
3.00 0.6015 0.2471 0.3952 0.3208 0.2353 0.4716
3.25 0.6048 0.2617 0.3920 0.3270 0.2396 0.4693
3.50 0.6076 0.2760 0.3888 0.3332 0.2443 0.4668
3.75 0.6099 0.2902 0.3856 0.3393 0.2492 0.4641
4.00 0.6117 0.3040 0.3823 0.3453 0.2543 0.4613
4.25 0.6130 0.3176 0.3790 0.3512 0.2597 0.4584
4.50 0.6137 0.3309 0.3757 0.3570 0.2654 0.4554
4.75 0.6140 0.3440 0.3724 0.3626 0.2712 0.4522
5.00 0.6137 0.3568 0.3690 0.3681 0.2773 0.4489
5.25 0.6130 0.3694 0.3657 0.3733 0.2836 0.4455
5.50 0.6118 0.3817 0.3624 0.3784 0.2901 0.4420
5.75 0.6102 0.3937 0.3590 0.3833 0.2968 0.4384
6.00 0.6081 0.4054 0.3557 0.3880 0.3036 0.4346
6.25 0.6055 0.4169 0.3524 0.3925 0.3107 0.4308
6.50 0.6025 0.4281 0.3491 0.3967 0.3178 0.4270
6.75 0.5991 0.4391 0.3459 0.4006 0.3251 0.4230
7.00 0.5953 0.4498 0.3426 0.4044 0.3326 0.4190
7.25 0.5910 0.4602 0.3394 0.4078 0.3402 0.4149
7.50 0.5864 0.4703 0.3362 0.4110 0.3479 0.4107
7.75 0.5814 0.4802 0.3330 0.4139 0.3556 0.4065
8.00 0.5761 0.4898 0.3299 0.4165 0.3635 0.4022
8.25 0.5704 0.4991 0.3268 0.4188 0.3715 0.3979
8.50 0.5643 0.5082 0.3238 0.4208 0.3795 0.3936
8.75 0.5580 0.5170 0.3208 0.4225 0.3876 0.3892
9.00 0.5513 0.5255 0.3178 0.4240 0.3958 0.3848
9.25 0.5444 0.5338 0.3149 0.4251 0.4040 0.3803
9.50 0.5372 0.5418 0.3121 0.4258 0.4122 0.3759
9.75 0.5297 0.5496 0.3092 0.4263 0.4204 0.3714
10.00 0.5220 0.5571 0.3065 0.4265 0.4287 0.3670
10.25 0.5141 0.5643 0.3038 0.4263 0.4370 0.3625
10.50 0.5059 0.5714 0.3011 0.4258 0.4452 0.3580
10.75 0.4976 0.5781 0.2985 0.4251 0.4534 0.3536
11.00 0.4891 0.5846 0.2960 0.4240 0.4616 0.3491
11.25 0.4805 0.5909 0.2935 0.4225 0.4698 0.3447
11.50 0.4718 0.5970 0.2911 0.4208 0.4779 0.3403
11.75 0.4629 0.6028 0.2887 0.4188 0.4859 0.3360
12.00 0.4540 0.6084 0.2864 0.4165 0.4939 0.3317
12.25 0.4450 0.6137 0.2842 0.4139 0.5018 0.3274
12.50 0.4359 0.6189 0.2820 0.4110 0.5095 0.3232
12.75 0.4269 0.6238 0.2799 0.4078 0.5172 0.3190
13.00 0.4178 0.6286 0.2779 0.4044 0.5248 0.3149
13.25 0.4088 0.6331 0.2759 0.4006 0.5323 0.3109
13.50 0.3999 0.6374 0.2740 0.3967 0.5396 0.3070
13.75 0.3910 0.6416 0.2721 0.3925 0.5467 0.3031
14.00 0.3822 0.6456 0.2703 0.3880 0.5538 0.2993
14.25 0.3735 0.6493 0.2685 0.3833 0.5606 0.2956
14.50 0.3650 0.6530 0.2668 0.3784 0.5673 0.2920
14.75 0.3567 0.6564 0.2652 0.3733 0.5738 0.2884
15.00 0.3486 0.6597 0.2636 0.3681 0.5801 0.2850
15.25 0.3407 0.6628 0.2621 0.3626 0.5862 0.2817
15.50 0.3331 0.6658 0.2607 0.3570 0.5920 0.2786
15.75 0.3257 0.6687 0.2592 0.3512 0.5977 0.2755
16.00 0.3187 0.6715 0.2579 0.3453 0.6031 0.2726
16.25 0.3121 0.6741 0.2566 0.3393 0.6082 0.2698
16.50 0.3058 0.6766 0.2553 0.3332 0.6131 0.2671
16.75 0.2999 0.6790 0.2541 0.3270 0.6178 0.2646
17.00 0.2945 0.6813 0.2529 0.3208 0.6221 0.2623
17.25 0.2895 0.6835 0.2518 0.3145 0.6262 0.2601
17.50 0.2850 0.6857 0.2507 0.3082 0.6300 0.2580
17.75 0.2811 0.6877 0.2496 0.3019 0.6334 0.2562
18.00 0.2777 0.6898 0.2486 0.2957 0.6365 0.2545
18.25 0.2749 0.6918 0.2476 0.2894 0.6393 0.2529
18.50 0.2728 0.6937 0.2466 0.2833 0.6418 0.2516
18.75 0.2713 0.6956 0.2457 0.2772 0.6439 0.2505
19.00 0.2705 0.6975 0.2447 0.2712 0.6457 0.2495
19.25 0.2705 0.6994 0.2438 0.2654 0.6471 0.2488
19.50 0.2712 0.7013 0.2429 0.2598 0.6481 0.2482
19.75 0.2727 0.7032 0.2420 0.2543 0.6487 0.2479
20.00 0.2751 0.7052 0.2412 0.2491 0.6489 0.2478
