t conc coh
0.00 0.8398 1.0000
0.10 0.8664 1.0054
0.20 0.8647 0.9901
0.30 0.8376 0.9543
0.40 0.7891 0.8996
0.50 0.7238 0.8333
0.60 0.6468 0.7763
0.70 0.5625 0.7413
0.80 0.4750 0.7185
0.90 0.3877 0.6868
1.00 0.3042 0.6434
1.10 0.2290 0.5910
1.20 0.1680 0.5373
1.30 0.1245 0.5008
1.40 0.0944 0.5048
1.50 0.0874 0.5340
1.60 0.1162 0.5636
1.70 0.1627 0.5849
1.80 0.2076 0.5960
1.90 0.2418 0.5979
2.00 0.2613 0.5928
2.10 0.2646 0.5847
2.20 0.2519 0.6042
2.30 0.2249 0.6200
2.40 0.1859 0.6260
2.50 0.1380 0.6212
2.60 0.0845 0.6059
2.70 0.0289 0.5810
2.80 0.0000 0.5476
2.90 0.0000 0.5075
3.00 0.0271 0.4630
3.10 0.0536 0.4177
3.20 0.0686 0.3782
3.30 0.0710 0.3574
3.40 0.0630 0.3605
3.50 0.0525 0.3765
3.60 0.0522 0.3993
3.70 0.0688 0.4253
3.80 0.0963 0.4491
3.90 0.1249 0.4676
4.00 0.1488 0.4790
4.10 0.1646 0.4827
4.20 0.1711 0.4790
4.30 0.1686 0.4684
4.40 0.1586 0.4521
4.50 0.1439 0.4314
4.60 0.1289 0.4077
4.70 0.1185 0.3825
4.80 0.1169 0.3573
4.90 0.1243 0.3338
5.00 0.1375 0.3137
5.10 0.1521 0.2980
5.20 0.1646 0.2894
5.30 0.1731 0.2934
5.40 0.1773 0.3064
5.50 0.1781 0.3207
5.60 0.1767 0.3328
5.70 0.1747 0.3416
5.80 0.1735 0.3468
5.90 0.1737 0.3484
6.00 0.1757 0.3467
6.10 0.1791 0.3422
6.20 0.1833 0.3356
6.30 0.1879 0.3276
6.40 0.1926 0.3189
6.50 0.1974 0.3100
6.60 0.2023 0.3009
6.70 0.2076 0.2917
6.80 0.2131 0.2823
6.90 0.2186 0.2727
7.00 0.2235 0.2631
7.10 0.2275 0.2549
7.20 0.2302 0.2514
7.30 0.2313 0.2528
7.40 0.2310 0.2562
7.50 0.2297 0.2594
7.60 0.2280 0.2621
7.70 0.2267 0.2642
7.80 0.2264 0.2657
7.90 0.2275 0.2667
8.00 0.2300 0.2671
8.10 0.2336 0.2666
8.20 0.2377 0.2651
8.30 0.2419 0.2625
8.40 0.2455 0.2587
8.50 0.2482 0.2538
8.60 0.2501 0.2481
8.70 0.2511 0.2416
8.80 0.2516 0.2347
8.90 0.2519 0.2279
9.00 0.2521 0.2219
9.10 0.2526 0.2182
9.20 0.2533 0.2175
9.30 0.2543 0.2186
9.40 0.2553 0.2202
9.50 0.2563 0.2217
9.60 0.2572 0.2231
9.70 0.2580 0.2241
9.80 0.2587 0.2247
9.90 0.2593 0.2249
10.00 0.2599 0.2245
10.10 0.2605 0.2236
10.20 0.2612 0.2222
10.30 0.2619 0.2203
10.40 0.2625 0.2178
10.50 0.2632 0.2150
10.60 0.2637 0.2119
10.70 0.2643 0.2087
10.80 0.2648 0.2054
10.90 0.2654 0.2024
11.00 0.2660 0.2001
11.10 0.2666 0.1993
11.20 0.2673 0.1996
11.30 0.2679 0.2002
11.40 0.2684 0.2007
11.50 0.2687 0.2009
11.60 0.2690 0.2009
11.70 0.2691 0.2005
11.80 0.2691 0.2000
11.90 0.2690 0.1994
12.00 0.2690 0.1987
