t tfim tfimE xxz xxzE
0.00 1.0000 1.0000 1.0000 1.0000
0.10 0.9536 0.9899 0.9469 0.9909
0.20 0.9581 0.9802 1.1205 0.9827
0.30 0.9897 0.9712 1.1990 0.9746
0.40 1.0108 0.9635 1.1546 0.9660
0.50 1.0021 0.9574 1.0000 0.9568
0.60 0.9693 0.9530 0.8728 0.9480
0.70 0.9443 0.9501 1.0389 0.9399
0.80 0.9578 0.9479 1.1381 0.9323
0.90 0.9936 0.9456 1.1221 0.9242
1.00 1.0112 0.9421 0.9955 0.9155
1.10 0.9910 0.9369 0.8283 0.9069
1.20 0.9425 0.9299 0.9584 0.8990
1.30 0.8987 0.9214 1.0744 0.8916
1.40 0.8945 0.9122 1.0843 0.8839
1.50 0.9277 0.9034 0.9853 0.8756
1.60 0.9609 0.8954 0.8156 0.8672
1.70 0.9615 0.8886 0.8799 0.8594
1.80 0.9225 0.8829 1.0086 0.8521
1.90 0.8668 0.8779 1.0417 0.8448
2.00 0.8393 0.8730 0.9693 0.8369
2.10 0.8569 0.8677 0.8144 0.8287
2.20 0.8854 0.8617 0.8051 0.8210
2.30 0.8948 0.8547 0.9411 0.8138
2.40 0.8810 0.8467 0.9946 0.8068
2.50 0.8579 0.8377 0.9475 0.7992
2.60 0.8485 0.8280 0.8132 0.7912
2.70 0.8641 0.8181 0.7381 0.7835
2.80 0.8863 0.8088 0.8729 0.7764
2.90 0.8854 0.8010 0.9437 0.7695
3.00 0.8460 0.7951 0.9200 0.7622
3.10 0.7766 0.7912 0.8080 0.7545
3.20 0.7148 0.7884 0.6882 0.7468
3.30 0.7095 0.7857 0.8046 0.7397
3.40 0.7530 0.7818 0.8896 0.7329
3.50 0.8001 0.7757 0.8872 0.7259
3.60 0.8253 0.7670 0.7978 0.7183
3.70 0.8248 0.7558 0.6635 0.7107
3.80 0.8115 0.7430 0.7372 0.7036
3.90 0.8028 0.7296 0.8330 0.6969
4.00 0.8007 0.7167 0.8497 0.6901
4.10 0.7874 0.7052 0.7820 0.6828
4.20 0.7462 0.6956 0.6541 0.6752
4.30 0.6765 0.6882 0.6722 0.6681
4.40 0.5997 0.6826 0.7747 0.6614
4.50 0.5670 0.6784 0.8080 0.6547
4.60 0.6095 0.6747 0.7609 0.6476
4.70 0.6775 0.6708 0.6478 0.6402
4.80 0.7285 0.6657 0.6118 0.6331
4.90 0.7492 0.6586 0.7154 0.6264
5.00 0.7447 0.6495 0.7628 0.6198
5.10 0.7297 0.6386 0.7347 0.6129
5.20 0.7150 0.6270 0.6391 0.6057
5.30 0.6976 0.6161 0.5615 0.5986
5.40 0.6666 0.6070 0.6561 0.5918
5.50 0.6146 0.6004 0.7148 0.5854
5.60 0.5442 0.5960 0.7040 0.5787
5.70 0.4778 0.5927 0.6263 0.5716
5.80 0.4911 0.5892 0.5283 0.5645
5.90 0.5652 0.5839 0.5977 0.5578
6.00 0.6276 0.5762 0.6649 0.5514
6.10 0.6589 0.5655 0.6693 0.5449
6.20 0.6607 0.5524 0.6091 0.5381
6.30 0.6440 0.5375 0.5097 0.5311
6.40 0.6221 0.5219 0.5411 0.5244
6.50 0.6009 0.5068 0.6139 0.5180
6.60 0.5765 0.4936 0.6314 0.5117
6.70 0.5399 0.4832 0.5876 0.5050
6.80 0.4839 0.4762 0.4972 0.4982
6.90 0.4090 0.4723 0.4879 0.4915
7.00 0.3447 0.4705 0.5625 0.4852
7.10 0.4135 0.4693 0.5909 0.4790
7.20 0.4813 0.4670 0.5622 0.4726
7.30 0.5267 0.4622 0.4847 0.4659
7.40 0.5478 0.4542 0.4411 0.4594
7.50 0.5511 0.4429 0.5115 0.4531
7.60 0.5461 0.4293 0.5486 0.4470
7.70 0.5383 0.4148 0.5334 0.4408
7.80 0.5252 0.4015 0.4697 0.4344
7.90 0.4993 0.3909 0.4051 0.4280
8.00 0.4540 0.3840 0.4617 0.4218
8.10 0.3891 0.3804 0.5053 0.4159
8.20 0.3195 0.3790 0.5018 0.4099
8.30 0.3193 0.3779 0.4516 0.4037
8.40 0.3752 0.3757 0.3805 0.3974
8.50 0.4233 0.3713 0.4138 0.3914
8.60 0.4560 0.3640 0.4618 0.3856
8.70 0.4752 0.3540 0.4682 0.3798
8.80 0.4842 0.3415 0.4306 0.3738
8.90 0.4846 0.3275 0.3634 0.3678
9.00 0.4754 0.3134 0.3689 0.3619
9.10 0.4539 0.3008 0.4186 0.3563
9.20 0.4179 0.2918 0.4332 0.3507
9.30 0.3687 0.2873 0.4071 0.3450
9.40 0.3147 0.2866 0.3484 0.3392
9.50 0.2745 0.2878 0.3284 0.3335
9.60 0.2942 0.2887 0.3765 0.3280
9.70 0.3371 0.2875 0.3975 0.3227
9.80 0.3757 0.2829 0.3815 0.3172
9.90 0.4035 0.2744 0.3328 0.3117
10.00 0.4186 0.2624 0.2949 0.3062
10.10 0.4212 0.2478 0.3359 0.3009
10.20 0.4123 0.2322 0.3617 0.2958
10.30 0.3928 0.2176 0.3544 0.2906
10.40 0.3636 0.2063 0.3156 0.2854
10.50 0.3269 0.2005 0.2695 0.2801
10.60 0.2885 0.2001 0.2975 0.2751
10.70 0.2579 0.2028 0.3265 0.2702
10.80 0.2551 0.2062 0.3264 0.2653
10.90 0.2819 0.2083 0.2969 0.2603
11.00 0.3130 0.2080 0.2508 0.2553
11.10 0.3395 0.2048 0.2618 0.2505
11.20 0.3572 0.1983 0.2923 0.2458
11.30 0.3646 0.1889 0.2980 0.2412
11.40 0.3623 0.1769 0.2768 0.2365
11.50 0.3516 0.1635 0.2358 0.2319
11.60 0.3342 0.1509 0.2295 0.2273
11.70 0.3129 0.1428 0.2595 0.2228
11.80 0.2913 0.1425 0.2699 0.2185
11.90 0.2742 0.1475 0.2558 0.2141
12.00 0.2674 0.1533 0.2215 0.2097
12.10 0.2739 0.1577 0.2017 0.2054
12.20 0.2884 0.1592 0.2285 0.2012
12.30 0.3030 0.1574 0.2423 0.1971
12.40 0.3130 0.1521 0.2343 0.1930
12.50 0.3166 0.1436 0.2068 0.1890
12.60 0.3140 0.1326 0.1795 0.1849
12.70 0.3063 0.1197 0.1997 0.1810
12.80 0.2952 0.1059 0.2157 0.1772
12.90 0.2824 0.0922 0.2128 0.1734
13.00 0.2691 0.0878 0.1916 0.1696
13.10 0.2573 0.0944 0.1626 0.1658
13.20 0.2489 0.1007 0.1732 0.1622
13.30 0.2463 0.1057 0.1904 0.1586
13.40 0.2497 0.1088 0.1915 0.1551
13.50 0.2560 0.1096 0.1760 0.1516
13.60 0.2622 0.1078 0.1494 0.1481
13.70 0.2663 0.1036 0.1494 0.1447
13.80 0.2678 0.0971 0.1667 0.1414
13.90 0.2668 0.0886 0.1709 0.1382
14.00 0.2637 0.0790 0.1602 0.1350
14.10 0.2587 0.0697 0.1378 0.1318
14.20 0.2525 0.0644 0.1287 0.1286
14.30 0.2461 0.0671 0.1447 0.1256
14.40 0.2408 0.0729 0.1512 0.1226
14.50 0.2381 0.0785 0.1446 0.1197
14.60 0.2381 0.0827 0.1266 0.1168
14.70 0.2402 0.0848 0.1117 0.1139
14.80 0.2433 0.0849 0.1246 0.1111
14.90 0.2464 0.0829 0.1327 0.1084
15.00 0.2487 0.0792 0.1293 0.1057
15.10 0.2497 0.0741 0.1154 0.1030
15.20 0.2488 0.0684 0.0985 0.1004
15.30 0.2460 0.0627 0.1064 0.0979
15.40 0.2415 0.0585 0.1154 0.0954
15.50 0.2363 0.0568 0.1147 0.0929
15.60 0.2311 0.0576 0.1044 0.0905
15.70 0.2269 0.0598 0.0884 0.0882
15.80 0.2243 0.0620 0.0903 0.0859
15.90 0.2235 0.0635 0.0995 0.0836
16.00 0.2242 0.0640 0.1008 0.0814
16.10 0.2255 0.0631 0.0935 0.0792
16.20 0.2265 0.0610 0.0800 0.0771
16.30 0.2267 0.0579 0.0763 0.0750
16.40 0.2256 0.0543 0.0850 0.0730
16.50 0.2233 0.0507 0.0878 0.0710
16.60 0.2201 0.0478 0.0831 0.0691
16.70 0.2165 0.0463 0.0722 0.0672
16.80 0.2131 0.0464 0.0648 0.0653
16.90 0.2106 0.0475 0.0721 0.0635
17.00 0.2092 0.0488 0.0758 0.0617
17.10 0.2091 0.0500 0.0732 0.0600
17.20 0.2099 0.0506 0.0647 0.0583
17.30 0.2111 0.0507 0.0557 0.0566
17.40 0.2123 0.0501 0.0606 0.0550
17.50 0.2129 0.0491 0.0649 0.0534
17.60 0.2129 0.0478 0.0639 0.0518
17.70 0.2121 0.0463 0.0576 0.0503
17.80 0.2109 0.0451 0.0488 0.0489
17.90 0.2093 0.0442 0.0506 0.0474
18.00 0.2079 0.0437 0.0551 0.0460
18.10 0.2068 0.0438 0.0553 0.0446
18.20 0.2062 0.0442 0.0508 0.0433
18.30 0.2060 0.0448 0.0432 0.0420
18.40 0.2059 0.0452 0.0420 0.0407
18.50 0.2059 0.0453 0.0464 0.0395
18.60 0.2057 0.0450 0.0474 0.0383
18.70 0.2053 0.0444 0.0444 0.0371
18.80 0.2046 0.0434 0.0383 0.0360
18.90 0.2037 0.0424 0.0349 0.0349
19.00 0.2027 0.0413 0.0387 0.0338
19.10 0.2017 0.0405 0.0403 0.0327
19.20 0.2007 0.0400 0.0385 0.0317
19.30 0.1998 0.0397 0.0338 0.0307
19.40 0.1991 0.0396 0.0293 0.0297
19.50 0.1984 0.0396 0.0321 0.0288
19.60 0.1978 0.0396 0.0340 0.0278
19.70 0.1972 0.0396 0.0331 0.0269
19.80 0.1968 0.0394 0.0296 0.0261
19.90 0.1964 0.0392 0.0251 0.0252
20.00 0.1960 0.0389 0.0264 0.0244
